!!key dx=[0.01],to_c=[10000.0]
&real
/

&realcv
/

&esorem
    emflag = 0
/

&jobcon
    jobnum = 0, 1
    nstep = 100000
/

&digcon
    hdfdigstart = 0
    intfoc = 100
    ifdiag = 10000
    ijdiag = 10000
    daverg = 2
    ipahdf(1:3) = 0, 0, 0
    ipadig(1:3) = 1024, 1024, 1024
    ipaxyz = 0, 0, 0, 0, 0, 0, 0, 0, 0, 0, 0, 0, 0, 0, 0, 0, 0, 0
    ifxyz = 1, 1, 1, 1, 1, 1, 1
    ijxyz = 1, 1, 1
/

&plasma
    wp(1:3) = 0.042078072420976206, 0.0013306254839980027, 0.042078072420976206
    wc = 0.0
    cv = 10000.0
    phiz = 0.0
    phixy = 0.0
/

&tmgrid
    dt = 0.0029979245799999998
    nx = 64
    ny = 64
    nz = 512
/

&system
    nspec = 3
    ionchg = 0
    nfbnd = 0, 0, 0
    npbnd = 0, 0, 2, 0, 0, 2, 0, 0, 2
    nflag_ecrct = 1
    mtd_vbnd = 0, 0, 2
/

&intp
    qm(1:3) = -1.0, 0.001, -1.0
    npin(1:3) = 83886080, 83886080, 0
    np(3) = 83886080
    path(1:3) = 44.237443494336965, 1.3989107930510278, 20.749200214013655
    peth(1:2) = 44.237443494336965, 1.3989107930510278
    vdri(1:2) = -13.342563807926082, -13.342563807926082
    vdthz(1:3) = 0.0, 0.0, 0.0
    vdthxy(1:3) = 180.0, 180.0, 0.0
/

&inp
    inpf(1:3) = 1, 1, 1
    inpb(1:3) = 1, 1, 1
    injct(1:3) = 1, 1, 1
    npr(1:3) = 524288, 524288, 524288
/

&ptcond
    zssurf = 60.0
    xlrechole(1:2) = 28.0, 28.0
    xurechole(1:2) = 38.0, 38.0
    ylrechole(1:2) = 28.0, 28.0
    yurechole(1:2) = 38.0, 38.0
    zlrechole(1:2) = 59.0, 50.0
    zurechole(1:2) = 60.0, 59.0
    npc = 0
    npcg = 0
    pcgs(1) = 0
    ccgs(1) = 0
    mtd_vchg(1) = 0
    modeww = -2
/

&scrnt
/

&emissn
    nflag_emit(1:3) = 0, 0, 2
    nepl(3) = 1
    dnsf(3) = 40
    curf(3) = 0.3317593126737039
    nemd(1) = 3
    xmine(1) = 28.0
    xmaxe(1) = 38.0
    ymine(1) = 28.0
    ymaxe(1) = 38.0
    zmine(1) = 50.0
    zmaxe(1) = 50.0
    thetaz = 0.0
    thetaxy = 180.0
    imarea = 0.0, 0.0, 0.0
    plreloc = 0.0
/

&dipole
/

&mpi
    nodes = 4, 2, 32
/

&verbose
/
